0 0.432373046875 0.618017578125 0.107021484375 0.0979296875
0 0.42751953125 0.2212109375 0.083818359375 0.08515625
0 0.440390625 0.470947265625 0.11451171875 0.1096875
0 0.9744140625 0.954765625 0.051171875 0.078896484375
0 0.81767578125 0.654189453125 0.10189453125 0.10044921875
0 0.827451171875 0.76828125 0.0786328125 0.0845703125
0 0.048818359375 0.89626953125 0.09763671875 0.114130859375
0 0.70173828125 0.684990234375 0.098994140625 0.099267578125
0 0.962119140625 0.724912109375 0.07576171875 0.09513671875
0 0.6273046875 0.57275390625 0.08796875 0.0976171875
0 0.07513671875 0.79630859375 0.115927734375 0.115556640625
0 0.32080078125 0.738466796875 0.09732421875 0.10080078125
0 0.109453125 0.654404296875 0.093271484375 0.0873046875
0 0.20822265625 0.893505859375 0.074560546875 0.076337890625
0 0.036005859375 0.1744140625 0.072001953125 0.09279296875
0 0.519638671875 0.777412109375 0.086416015625 0.0978515625
0 0.3445703125 0.189599609375 0.090263671875 0.095283203125
0 0.09138671875 0.3604296875 0.113037109375 0.0986328125
0 0.25431640625 0.63703125 0.075029296875 0.084638671875
0 0.16642578125 0.487880859375 0.10744140625 0.09537109375
0 0.097275390625 0.98044921875 0.081689453125 0.0391015625
0 0.533525390625 0.502138671875 0.0633203125 0.065546875
0 0.66525390625 0.47931640625 0.064638671875 0.080947265625
0 0.806572265625 0.400830078125 0.06654296875 0.072900390625
0 0.770029296875 0.495810546875 0.100576171875 0.0944140625
0 0.842138671875 0.5451171875 0.056435546875 0.06728515625
0 0.563310546875 0.104736328125 0.063388671875 0.062978515625
0 0.639951171875 0.064755859375 0.0604296875 0.07091796875
0 0.692353515625 0.171982421875 0.0492578125 0.06076171875
0 0.188076171875 0.141884765625 0.07220703125 0.071376953125
0 0.325556640625 0.87466796875 0.082265625 0.0940625
0 0.4669921875 0.943935546875 0.073388671875 0.09220703125
0 0.94044921875 0.90025390625 0.069375 0.075654296875
0 0.6052734375 0.211826171875 0.061865234375 0.06111328125
0 0.551376953125 0.206533203125 0.04685546875 0.05173828125
0 0.811318359375 0.1653125 0.064375 0.052294921875