1 0.03653846153846154 0.04636923076923077 0.07307692307692308 0.09273076923076923
1 0.12337692307692306 0.5055615384615385 0.1133923076923077 0.11091538461538461
1 0.3423076923076923 0.9309615384615385 0.13990769230769232 0.1295
1 0.33545384615384616 0.6988769230769231 0.09284615384615384 0.10550000000000001
1 0.6469076923076923 0.8164846153846155 0.09161538461538461 0.09613846153846155
1 0.059715384615384615 0.6132076923076922 0.11943076923076923 0.13286923076923077
1 0.3512923076923077 0.8331230769230769 0.10433076923076923 0.15098461538461538
1 0.0924076923076923 0.9447846153846154 0.09330000000000001 0.08376923076923078
1 0.06269230769230769 0.7900538461538461 0.12537692307692308 0.16280769230769232
1 0.3818153846153846 0.5232307692307693 0.1461 0.12555384615384615
1 0.907623076923077 0.0689846153846154 0.11403076923076924 0.11033076923076923
1 0.15486153846153847 0.7467615384615385 0.1222230769230769 0.12028461538461539
1 0.653523076923077 0.055553846153846155 0.1305 0.1111153846153846
1 0.9627384615384615 0.46092307692307694 0.07453076923076923 0.13729230769230769
1 0.9071615384615385 0.6226307692307692 0.10484615384615385 0.11471538461538461
1 0.2073 0.05763846153846154 0.11022307692307692 0.1082846153846154
1 0.8101769230769231 0.3595923076923077 0.12917692307692308 0.13049230769230769
1 0.14266923076923077 0.8729384615384614 0.13754615384615385 0.12226153846153846
1 0.4765384615384615 0.9748999999999999 0.10017692307692307 0.0502
1 0.3738 0.39669230769230773 0.11823846153846154 0.13424615384615385
1 0.2579076923076923 0.03496153846153846 0.14231538461538462 0.06992307692307692
1 0.29035384615384613 0.38703076923076923 0.09909230769230769 0.11806153846153845