1 0.0916923076923077 0.22807692307692307 0.1317076923076923 0.11794615384615385
1 0.3294384615384615 0.08547692307692308 0.1057076923076923 0.1030076923076923
1 0.04443846153846154 0.11959230769230769 0.08887692307692308 0.12732307692307693
1 0.3561 0.18807692307692309 0.09023846153846155 0.08864615384615385
1 0.5278923076923077 0.9555153846153847 0.12517692307692307 0.08896923076923077
1 0.5516076923076924 0.29373846153846156 0.09434615384615386 0.09753076923076924
1 0.6419846153846154 0.9336615384615384 0.10657692307692308 0.10262307692307691
1 0.4500461538461538 0.10217692307692308 0.08995384615384615 0.09020769230769231
1 0.41296923076923076 0.8594846153846153 0.15566923076923078 0.12040769230769231
1 0.3276307692307692 0.5491538461538461 0.09231538461538462 0.11005384615384615
1 0.07876153846153847 0.7595307692307692 0.08433076923076922 0.08566923076923078
1 0.19252307692307694 0.5005923076923077 0.1112923076923077 0.11193076923076922
1 0.39839230769230766 0.020515384615384616 0.10436923076923077 0.04103076923076923
1 0.3938 0.3234307692307692 0.10459230769230769 0.09688461538461539
1 0.28939230769230767 0.16526153846153846 0.07211538461538461 0.07530769230769231
1 0.03239230769230769 0.935476923076923 0.06478461538461538 0.0780076923076923
1 0.061276923076923076 0.6552692307692308 0.07316153846153846 0.06888461538461538
1 0.4852538461538462 0.5416692307692308 0.12436153846153845 0.11923076923076924
1 0.5461538461538461 0.7974384615384615 0.14359230769230769 0.1282076923076923
1 0.17756153846153847 0.8570538461538462 0.10897692307692307 0.07563846153846154
1 0.675 0.6474384615384615 0.16538461538461538 0.14359230769230769
1 0.48974615384615383 0.19102307692307693 0.14102307692307695 0.1
1 0.4 0.7467923076923078 0.16153846153846155 0.1346153846153846
1 0.5724384615384615 0.42179230769230774 0.13205384615384613 0.10256153846153847