1 0.6291769230769231 0.8664153846153846 0.10781538461538462 0.09517692307692308
1 0.8109999999999999 0.17374615384615386 0.1011923076923077 0.08963846153846154
1 0.3674230769230769 0.462 0.11034615384615384 0.10153846153846154
1 0.9309692307692308 0.2821 0.1331076923076923 0.1342153846153846
1 0.8895846153846154 0.7645615384615384 0.10913846153846153 0.1046
1 0.9718461538461539 0.44796153846153847 0.05631538461538461 0.11422307692307693
1 0.7363000000000001 0.43639230769230763 0.1232 0.11787692307692309
1 0.9522076923076922 0.16929230769230771 0.09558461538461539 0.12293076923076923
1 0.4566692307692307 0.8042692307692307 0.09421538461538462 0.09931538461538462
1 0.2821 0.56 0.1313923076923077 0.10355384615384616
1 0.535823076923077 0.7507384615384616 0.07605384615384615 0.08551538461538462
1 0.2988 0.8091692307692309 0.10162307692307693 0.10264615384615385
1 0.32653846153846156 0.6688692307692308 0.0998076923076923 0.10340769230769231
1 0.722223076923077 0.606023076923077 0.10344615384615384 0.08785384615384614
1 0.6299 0.2148076923076923 0.09988461538461538 0.10343076923076924
1 0.5346230769230769 0.16126923076923078 0.1074076923076923 0.1061076923076923
1 0.9417538461538462 0.5063384615384615 0.09116153846153846 0.10873076923076923
1 0.49166923076923075 0.47559999999999997 0.09976153846153846 0.1000923076923077
1 0.8271923076923077 0.3544230769230769 0.14867692307692307 0.14005384615384614
1 0.6185615384615385 0.5303538461538462 0.09003076923076923 0.1042923076923077
1 0.5767538461538462 0.6077538461538462 0.13053846153846152 0.11502307692307692
1 0.6832923076923076 0.3152615384615384 0.10453846153846154 0.1032923076923077
1 0.5306230769230769 0.36543846153846155 0.08003076923076924 0.0825
1 0.9631923076923078 0.7222384615384615 0.07361538461538462 0.08263076923076923
1 0.7798307692307692 0.2757538461538462 0.08408461538461538 0.07197692307692308
1 0.2754 0.9000230769230769 0.1374692307692308 0.12637692307692308
1 0.7529846153846154 0.07665384615384616 0.10983076923076923 0.11711538461538462
1 0.11155384615384616 0.4256692307692308 0.10928461538461538 0.12649230769230768
1 0.6210307692307693 0.14437692307692307 0.10055384615384615 0.08500769230769231
1 0.5218846153846154 0.2987153846153846 0.06903076923076923 0.07116923076923076
1 0.19696923076923076 0.10029999999999999 0.08302307692307692 0.08033076923076923
1 0.13843076923076925 0.9171846153846154 0.09966153846153847 0.10836153846153847
1 0.9533384615384615 0.9524923076923077 0.08614615384615384 0.09000769230769232
1 0.9429076923076923 0.6110692307692308 0.10808461538461538 0.1031076923076923
1 0.04066923076923077 0.04027692307692308 0.08133846153846154 0.07993076923076922
1 0.28936153846153845 0.9767153846153847 0.08937692307692308 0.04657692307692307
1 0.7636384615384616 0.7311153846153846 0.13566153846153847 0.09440769230769232