1 0.3525390625 0.626953125 0.34375 0.6357421875 0.349609375 0.7158203125 0.3662109375 0.728515625 0.4697265625 0.75 0.4912109375 0.75 0.5595703125 0.6953125 0.56640625 0.6845703125 0.564453125 0.6650390625 0.515625 0.6025390625 0.5029296875 0.59375 0.4208984375 0.591796875
1 0.19921875 0.6787109375 0.1875 0.7451171875 0.189453125 0.7529296875 0.2978515625 0.82421875 0.3134765625 0.8203125 0.375 0.7626953125 0.375 0.7470703125 0.353515625 0.6884765625 0.330078125 0.6435546875 0.3212890625 0.63671875 0.2158203125 0.662109375
1 0.091796875 0.1259765625 0.09375 0.1865234375 0.1474609375 0.2265625 0.1591796875 0.2265625 0.1689453125 0.220703125 0.224609375 0.1630859375 0.2109375 0.1240234375 0.2041015625 0.1171875 0.1533203125 0.091796875 0.1435546875 0.09375
1 0.220703125 0.2490234375 0.203125 0.3056640625 0.205078125 0.3154296875 0.2138671875 0.32421875 0.2900390625 0.3671875 0.3056640625 0.369140625 0.3154296875 0.365234375 0.3779296875 0.330078125 0.38671875 0.3193359375 0.388671875 0.3076171875 0.376953125 0.2529296875 0.3154296875 0.2109375 0.3037109375 0.2109375 0.2314453125 0.234375
1 0.12109375 0.4580078125 0.119140625 0.4658203125 0.123046875 0.4736328125 0.1279296875 0.478515625 0.1416015625 0.478515625 0.1591796875 0.46875 0.171875 0.4482421875 0.1259765625 0.453125
1 0.07421875 0.3916015625 0.0703125 0.3974609375 0.0703125 0.4072265625 0.0771484375 0.4140625 0.1376953125 0.4375 0.1708984375 0.43359375 0.2578125 0.4130859375 0.255859375 0.4013671875 0.2119140625 0.3359375 0.1220703125 0.33984375
1 0.0615234375 0.720703125 0.05859375 0.7353515625 0.07421875 0.7587890625 0.1064453125 0.77734375 0.1162109375 0.77734375 0.134765625 0.7548828125 0.134765625 0.7470703125 0.1220703125 0.71875 0.0830078125 0.70703125
1 0.677734375 0.3017578125 0.642578125 0.3701171875 0.64453125 0.3876953125 0.6533203125 0.396484375 0.7001953125 0.416015625 0.7177734375 0.416015625 0.7353515625 0.41015625 0.796875 0.3232421875 0.796875 0.3173828125 0.7705078125 0.2890625 0.6982421875 0.28515625 0.6865234375 0.291015625
1 0.8095703125 0.015625 0.80859375 0.0302734375 0.828125 0.1533203125 0.8369140625 0.16015625 0.9345703125 0.162109375 0.9462890625 0.15625 1 0.1005859375 1 0.0810546875 0.984375 0.0048828125 0.9794921875 0 0.8486328125 0
1 0.42578125 0.4541015625 0.419921875 0.5400390625 0.5107421875 0.595703125 0.5224609375 0.595703125 0.5888671875 0.54296875 0.599609375 0.5283203125 0.59375 0.4873046875 0.5859375 0.4697265625 0.5732421875 0.4609375 0.4541015625 0.44140625 0.4384765625 0.44140625
1 0.126953125 0.6025390625 0.125 0.6162109375 0.130859375 0.6474609375 0.1357421875 0.654296875 0.1455078125 0.65625 0.1884765625 0.642578125 0.2216796875 0.62109375 0.2265625 0.6142578125 0.232421875 0.5869140625 0.208984375 0.5595703125 0.1982421875 0.552734375 0.1474609375 0.572265625
1 0.384765625 0.8408203125 0.37890625 0.8779296875 0.3984375 0.9345703125 0.4052734375 0.943359375 0.4169921875 0.943359375 0.4873046875 0.921875 0.505859375 0.9091796875 0.517578125 0.8583984375 0.4736328125 0.8203125 0.3935546875 0.830078125
1 0.419921875 0.9462890625 0.41796875 0.9873046875 0.4248046875 0.99609375 0.4384765625 1 0.4892578125 1 0.494140625 0.9951171875 0.49609375 0.9580078125 0.4912109375 0.94921875 0.4599609375 0.9296875 0.4482421875 0.931640625
1 0.09375 0.9248046875 0.091796875 0.9384765625 0.1181640625 1 0.2412109375 1 0.255859375 0.9638671875 0.255859375 0.9580078125 0.2490234375 0.951171875 0.1552734375 0.904296875 0.1455078125 0.904296875
1 0.685546875 0.4736328125 0.68359375 0.4814453125 0.7099609375 0.53515625 0.7197265625 0.5390625 0.7861328125 0.53515625 0.798828125 0.5224609375 0.83203125 0.4697265625 0.8359375 0.4560546875 0.8212890625 0.4296875 0.7548828125 0.431640625