1 0.42103076923076926 0.8694923076923077 0.12734615384615386 0.11953846153846154
1 0.15596153846153846 0.9205307692307693 0.13893846153846154 0.11800000000000001
1 0.44853076923076923 0.9611692307692308 0.10276153846153846 0.07766153846153846
1 0.04363076923076923 0.6711153846153847 0.08726153846153846 0.09864615384615386
1 0.2793615384615385 0.9444153846153847 0.13494615384615385 0.09976153846153846
1 0.6362923076923076 0.7794846153846154 0.11886923076923077 0.11313846153846155
1 0.6324230769230769 0.947623076923077 0.11731538461538461 0.09554615384615384
1 0.13392307692307692 0.6481153846153845 0.12521538461538462 0.13136923076923077
1 0.04085384615384615 0.8416461538461539 0.0817 0.09988461538461538
1 0.8654923076923078 0.20853076923076921 0.0743076923076923 0.07969230769230769
1 0.8776846153846154 0.32471538461538463 0.06824615384615385 0.06651538461538462
1 0.7876 0.9066538461538463 0.11384615384615385 0.10006923076923077
1 0.1255076923076923 0.5401076923076923 0.14225384615384615 0.14478461538461537
1 0.31275384615384616 0.8491307692307691 0.13990769230769232 0.1295230769230769