1 0.1878 0.716576923076923 0.1623 0.14556923076923078
1 0.10558461538461537 0.7831384615384616 0.0936 0.0927
1 0.9351076923076924 0.5677538461538462 0.1297846153846154 0.2274769230769231
1 0.6231923076923077 0.7473461538461538 0.08713846153846154 0.08348461538461538
1 0.34607692307692306 0.6545230769230769 0.11719230769230769 0.11585384615384617
1 0.16467692307692308 0.16396153846153846 0.11062307692307692 0.09805384615384616
1 0.09993846153846153 0.6345846153846154 0.08394615384615384 0.09608461538461538
1 0.16753846153846155 0.3342769230769231 0.0922923076923077 0.09417692307692309
1 0.3727 0.2909769230769231 0.09603846153846153 0.08806923076923076
1 0.7972923076923077 0.5870153846153846 0.1273692307692308 0.14073076923076921
1 0.032084615384615385 0.23796153846153847 0.06416923076923077 0.11376153846153846
1 0.028423076923076926 0.8385923076923077 0.05684615384615385 0.10149999999999999
1 0.21433846153846153 0.11032307692307691 0.11683846153846153 0.11133076923076922
1 0.2639692307692308 0.2772230769230769 0.11483846153846153 0.1419846153846154
1 0.4306846153846154 0.6253 0.09851538461538462 0.11215384615384616
1 0.48633076923076923 0.698 0.09308461538461539 0.05023076923076923
1 0.9019999999999999 0.7704230769230769 0.17998461538461538 0.11116153846153845
1 0.46646923076923075 0.16076153846153846 0.12395384615384614 0.1626076923076923
1 0.6324538461538461 0.4847384615384615 0.0677076923076923 0.08565384615384615
1 0.9387076923076922 0.8846538461538461 0.12258461538461539 0.14102307692307695
1 0.11737692307692307 0.5171230769230769 0.12348461538461539 0.14266923076923077