1 0.2742307692307692 0.29075384615384614 0.0798 0.08559230769230769
1 0.7160307692307692 0.2508153846153846 0.10273846153846154 0.1017076923076923
1 0.6628999999999999 0.04328461538461539 0.10865384615384616 0.08656153846153847
1 0.10446923076923077 0.08185384615384615 0.0962076923076923 0.08878461538461539
1 0.812123076923077 0.18825384615384613 0.10641538461538462 0.10877692307692308
1 0.5027692307692307 0.06332307692307691 0.1035153846153846 0.09576153846153845
1 0.8721846153846153 0.3028230769230769 0.09275384615384616 0.09897692307692307
1 0.9442692307692307 0.24551538461538464 0.11136153846153847 0.13488461538461538
1 0.46807692307692306 0.3898923076923077 0.11144615384615385 0.09992307692307693
1 0.8914615384615385 0.10234615384615385 0.11816153846153847 0.08683076923076923
1 0.22726153846153846 0.17757692307692308 0.11602307692307694 0.11151538461538461
1 0.7564538461538461 0.6150153846153846 0.0964923076923077 0.09926923076923078
1 0.5335153846153846 0.4673461538461538 0.11191538461538462 0.09848461538461538
1 0.23803846153846153 0.03282307692307693 0.1160153846153846 0.06564615384615385
1 0.27311538461538465 0.8832461538461539 0.07230769230769231 0.06928461538461538
1 0.6471846153846154 0.3672 0.09602307692307692 0.09949999999999999
1 0.7861615384615385 0.053184615384615386 0.13726153846153846 0.10636923076923077
1 0.8080461538461539 0.9597384615384617 0.13116153846153847 0.08053076923076923
1 0.5220538461538461 0.5866846153846155 0.0971 0.09107692307692308
1 0.9448769230769231 0.6649461538461539 0.09826923076923078 0.09376153846153847
1 0.8096615384615384 0.8947769230769231 0.12255384615384615 0.10233076923076923
1 0.22972307692307692 0.5181846153846154 0.17832307692307692 0.1734230769230769
1 0.2933538461538462 0.34615384615384615 0.06923076923076923 0.06433846153846154
1 0.3409076923076923 0.23076923076923078 0.10839230769230769 0.0993
1 0.6416076923076923 0.19825384615384617 0.07342307692307692 0.07902307692307693
1 0.5667846153846154 0.21678461538461538 0.06783076923076924 0.07133076923076924
1 0.5548923076923077 0.3104923076923077 0.10139999999999999 0.09510769230769231