1 0.8405923076923076 0.6634923076923077 0.15641538461538462 0.1247
1 0.35596923076923076 0.8625846153846153 0.13973076923076924 0.13674615384615385
1 0.026884615384615385 0.9163692307692307 0.05376923076923077 0.10229230769230768
1 0.46029230769230767 0.22172307692307694 0.1265230769230769 0.1278230769230769
1 0.2362923076923077 0.10400769230769231 0.1816846153846154 0.18626923076923077
1 0.700823076923077 0.3507538461538462 0.12333846153846154 0.11762307692307691
1 0.48591538461538464 0.9395384615384617 0.11862307692307693 0.11456923076923077
1 0.9510769230769232 0.12771538461538462 0.09112307692307692 0.10356153846153845
1 0.43641538461538465 0.33195384615384615 0.11316923076923077 0.12608461538461538
1 0.3025153846153846 0.2197230769230769 0.1397076923076923 0.1270153846153846
1 0.6507 0.5488153846153846 0.09945384615384614 0.12796153846153846
1 0.7302538461538461 0.6642153846153847 0.1 0.10039230769230768
1 0.6796615384615384 0.23286923076923077 0.1587076923076923 0.14443076923076922
1 0.07554615384615385 0.8372076923076922 0.10803846153846153 0.11587692307692307
1 0.5017076923076923 0.04406923076923077 0.11456153846153846 0.08813846153846154
1 0.8096538461538462 0.9407692307692308 0.13534615384615384 0.11093076923076924
1 0.6252538461538462 0.7760153846153847 0.12263846153846154 0.12118461538461538
1 0.9563461538461538 0.6621538461538461 0.08731538461538461 0.12223076923076924
1 0.3231461538461538 0.3265923076923077 0.14211538461538462 0.13153846153846155
1 0.7131461538461539 0.9114384615384614 0.16083846153846154 0.14383076923076923
1 0.7668923076923078 0.025946153846153844 0.12081538461538462 0.05188461538461539
1 0.48140000000000005 0.5389538461538461 0.11778461538461539 0.13709230769230768
1 0.8318153846153845 0.13391538461538463 0.0860153846153846 0.08321538461538462
1 0.09510769230769231 0.35454615384615384 0.14825384615384615 0.16783076923076923
1 0.5139846153846154 0.826576923076923 0.13146923076923075 0.13846153846153847
1 0.6034999999999999 0.35454615384615384 0.11468461538461538 0.14825384615384615