1 0.4541015625 0.75 0.447265625 0.7568359375 0.447265625 0.7724609375 0.4638671875 0.818359375 0.5361328125 0.84765625 0.5830078125 0.837890625 0.595703125 0.8291015625 0.599609375 0.8212890625 0.59765625 0.7470703125 0.5869140625 0.734375 0.5302734375 0.701171875 0.5107421875 0.701171875
1 0.8291015625 0.076171875 0.826171875 0.0791015625 0.828125 0.1162109375 0.8369140625 0.125 0.8798828125 0.140625 0.8935546875 0.140625 0.916015625 0.1083984375 0.916015625 0.0830078125 0.8720703125 0.060546875 0.8623046875 0.05859375
1 0.32421875 0.5126953125 0.29296875 0.5576171875 0.29296875 0.5732421875 0.3125 0.6318359375 0.3251953125 0.642578125 0.3994140625 0.662109375 0.4130859375 0.66015625 0.41796875 0.6552734375 0.41796875 0.5927734375 0.40625 0.5205078125 0.3818359375 0.51171875 0.3271484375 0.509765625
1 0.298828125 0.4287109375 0.296875 0.4462890625 0.318359375 0.4951171875 0.3291015625 0.5078125 0.3408203125 0.513671875 0.4052734375 0.51953125 0.4208984375 0.513671875 0.44921875 0.4775390625 0.44921875 0.4658203125 0.4140625 0.4091796875 0.4013671875 0.3984375 0.3388671875 0.3828125
1 0.23046875 0.0791015625 0.216796875 0.1376953125 0.2685546875 0.18359375 0.2783203125 0.1875 0.2998046875 0.185546875 0.3544921875 0.1640625 0.36328125 0.1552734375 0.3671875 0.1474609375 0.3671875 0.0888671875 0.3564453125 0.078125 0.3076171875 0.046875 0.2978515625 0.046875 0.2412109375 0.064453125 0.234375 0.0693359375
1 0.251953125 0.7412109375 0.25 0.7587890625 0.255859375 0.8076171875 0.279296875 0.8662109375 0.2939453125 0.869140625 0.3427734375 0.861328125 0.349609375 0.8544921875 0.35546875 0.8369140625 0.357421875 0.7744140625 0.3515625 0.7626953125 0.3095703125 0.71875 0.2626953125 0.728515625
1 0.1826171875 0.4453125 0.19140625 0.4912109375 0.2001953125 0.501953125 0.2119140625 0.50390625 0.2431640625 0.5 0.25390625 0.4931640625 0.2578125 0.4853515625 0.26171875 0.4423828125 0.2333984375 0.419921875 0.2255859375 0.419921875
1 0.126953125 0.2783203125 0.1171875 0.3369140625 0.1171875 0.3466796875 0.1240234375 0.353515625 0.1689453125 0.392578125 0.2294921875 0.38671875 0.23828125 0.3798828125 0.2578125 0.3310546875 0.1923828125 0.26171875 0.1787109375 0.2578125 0.1337890625 0.26953125
1 0.375 0.3408203125 0.369140625 0.3896484375 0.3798828125 0.400390625 0.4189453125 0.431640625 0.4541015625 0.419921875 0.458984375 0.4150390625 0.46484375 0.3564453125 0.4267578125 0.3203125 0.3857421875 0.328125
1 0.0009765625 0.681640625 0 0.7861328125 0.0107421875 0.796875 0.0263671875 0.802734375 0.0771484375 0.798828125 0.1044921875 0.787109375 0.10546875 0.7294921875 0.0400390625 0.671875
1 0.2734375 0.8779296875 0.2734375 0.9404296875 0.296875 0.9990234375 0.3876953125 1 0.412109375 0.9501953125 0.39453125 0.8837890625 0.3798828125 0.873046875 0.2880859375 0.869140625