1 0.7812153846153846 0.2959769230769231 0.07048461538461538 0.0762
1 0.7291461538461539 0.39642307692307693 0.058092307692307686 0.07501538461538461
1 0.5156230769230769 0.11576153846153847 0.06042307692307692 0.07313846153846154
1 0.8906923076923078 0.06231538461538462 0.06442307692307692 0.07743846153846154
1 0.5339692307692308 0.5536615384615384 0.05287692307692307 0.07293846153846154
1 0.8051307692307693 0.3540153846153846 0.05536153846153846 0.0663076923076923
1 0.5803769230769231 0.6801846153846154 0.06986153846153846 0.07337692307692308
1 0.5619692307692308 0.9174461538461539 0.06179230769230769 0.0909
1 0.42375384615384615 0.821123076923077 0.0751 0.07353846153846154
1 0.5319769230769231 0.7632384615384615 0.09759999999999999 0.09458461538461538
1 0.9002692307692307 0.48891538461538464 0.07025384615384615 0.07420769230769231
1 0.8909461538461538 0.9617923076923076 0.06387692307692308 0.07641538461538462
1 0.6894846153846154 0.8536692307692307 0.06336923076923076 0.07132307692307692
1 0.766676923076923 0.48126153846153846 0.06863076923076923 0.06889999999999999
1 0.6401615384615384 0.13257692307692306 0.052653846153846155 0.07680000000000001
1 0.7133307692307692 0.761323076923077 0.057969230769230766 0.08346923076923077
1 0.4352384615384615 0.9011307692307693 0.06706153846153846 0.0774076923076923
1 0.7410538461538462 0.12471538461538462 0.056569230769230774 0.07395384615384615
1 0.6705153846153846 0.3384615384615385 0.05897692307692308 0.08205384615384616
1 0.9711538461538461 0.6634615384615384 0.057692307692307696 0.07563846153846154