1 0.835923076923077 0.5754692307692307 0.09426923076923077 0.08912307692307692
1 0.598576923076923 0.13683076923076923 0.07856153846153846 0.09313076923076923
1 0.20916153846153848 0.30309230769230766 0.0727076923076923 0.08705384615384615
1 0.4429461538461539 0.3240461538461538 0.07381538461538462 0.07443076923076923
1 0.03313846153846154 0.24395384615384613 0.06628461538461539 0.0805846153846154
1 0.3416692307692308 0.2082384615384615 0.07365384615384615 0.10061538461538462
1 0.9650692307692307 0.745476923076923 0.06986153846153846 0.11731538461538461
1 0.1259846153846154 0.3450615384615385 0.0732 0.1019076923076923
1 0.39292307692307693 0.27633846153846153 0.07472307692307692 0.10637692307692308
1 0.2088846153846154 0.1813307692307692 0.06461538461538462 0.07055384615384615
1 0.8115384615384615 0.1641 0.10513076923076922 0.11538461538461539
1 0.9006384615384615 0.783976923076923 0.07307692307692308 0.07563846153846154
1 0.39294615384615383 0.4698692307692308 0.10897692307692307 0.10384615384615385
1 0.07756153846153846 0.12307692307692308 0.09615384615384616 0.09743846153846154
1 0.2980769230769231 0.40897692307692307 0.0859 0.08717692307692308