1 0.2048307692307692 0.8074769230769231 0.10663846153846153 0.10143846153846155
1 0.7613769230769231 0.1162923076923077 0.08268461538461538 0.0996
1 0.5564923076923077 0.2820461538461539 0.0902846153846154 0.09806923076923077
1 0.5870384615384615 0.7293923076923077 0.10636923076923077 0.10873076923076923
1 0.2843769230769231 0.9098999999999999 0.06748461538461539 0.08091538461538461
1 0.7222615384615385 0.27224615384615386 0.08983846153846155 0.09081538461538462
1 0.9364769230769231 0.9613692307692308 0.08473846153846154 0.07725384615384616
1 0.7922846153846154 0.49424615384615384 0.085 0.1168923076923077
1 0.9685230769230768 0.6501692307692308 0.06296153846153846 0.07180769230769231
1 0.5160076923076923 0.7649769230769231 0.10398461538461538 0.08811538461538461
1 0.9408076923076922 0.4991307692307692 0.10741538461538461 0.08494615384615385
1 0.8994923076923076 0.3548153846153846 0.08320769230769232 0.10721538461538462
1 0.8445769230769231 0.12290000000000001 0.08202307692307692 0.0939
1 0.8320307692307694 0.9065384615384615 0.07845384615384615 0.07353846153846154
1 0.7239076923076924 0.9786307692307693 0.09391538461538462 0.04274615384615384
1 0.3586923076923077 0.1323153846153846 0.06423076923076923 0.06602307692307692