1 0.21375384615384616 0.43651538461538464 0.11850769230769231 0.08591538461538462
1 0.8393846153846154 0.5774769230769231 0.08282307692307693 0.08538461538461538
1 0.6005923076923076 0.6361 0.08391538461538461 0.08977692307692307
1 0.5001076923076923 0.15293076923076923 0.09253846153846154 0.0721923076923077
1 0.44374615384615385 0.04179230769230769 0.09431538461538462 0.08358461538461538
1 0.6576615384615385 0.536823076923077 0.09329230769230769 0.0812076923076923
1 0.033392307692307686 0.7145230769230769 0.06679230769230769 0.09322307692307692
1 0.9689923076923077 0.3853615384615385 0.06202307692307692 0.07908461538461539
1 0.4148307692307692 0.5952307692307692 0.08281538461538461 0.09426923076923077
1 0.7581 0.25235384615384615 0.0918076923076923 0.07449230769230769
1 0.24343076923076923 0.22087692307692305 0.09460769230769231 0.07660769230769231
1 0.12282307692307691 0.1340230769230769 0.08293076923076924 0.08101538461538461
1 0.9684153846153847 0.7171846153846154 0.06316153846153846 0.07554615384615385
1 0.42278461538461537 0.45834615384615385 0.1067923076923077 0.1108
1 0.7373538461538461 0.8079846153846155 0.09885384615384615 0.12086923076923077
1 0.7131846153846154 0.053469230769230776 0.08786923076923077 0.07756153846153846
1 0.4140923076923077 0.9764384615384615 0.11408461538461538 0.04712307692307692
1 0.6955615384615385 0.4715615384615384 0.08198461538461538 0.06793076923076924
1 0.9432923076923077 0.2785076923076923 0.07026153846153846 0.053007692307692304
1 0.561376923076923 0.45873846153846154 0.09597692307692307 0.10026153846153846
1 0.9512076923076923 0.9736307692307693 0.09743846153846154 0.05273846153846154
1 0.27783846153846153 0.8897153846153847 0.06116923076923077 0.06453846153846154
1 0.9720538461538462 0.22005384615384616 0.05589230769230769 0.08752307692307693
1 0.3409923076923077 0.2121307692307692 0.05964615384615385 0.06824615384615385
1 0.9821461538461538 0.5785153846153847 0.03570769230769231 0.09783076923076924
1 0.9157692307692308 0.0309 0.08584615384615384 0.0618
1 0.6384384615384615 0.07223846153846153 0.05791538461538462 0.05521538461538462
1 0.6139 0.15678461538461538 0.11146153846153846 0.08342307692307692
1 0.09287692307692308 0.2589230769230769 0.1029 0.10995384615384615
1 0.820853846153846 0.35854615384615385 0.10326923076923077 0.09004615384615385
1 0.7578923076923076 0.5701076923076923 0.07864615384615384 0.06537692307692307
1 0.6697769230769232 0.013546153846153845 0.07876923076923077 0.027084615384615384
1 0.14038461538461539 0.8173076923076923 0.12692307692307692 0.09615384615384616