1 0.1148923076923077 0.12614615384615385 0.06916153846153845 0.07277692307692307
1 0.8738846153846154 0.6219 0.09833846153846154 0.1089
1 0.9467846153846153 0.7385076923076923 0.08500769230769231 0.08913846153846154
1 0.6935 0.6158923076923076 0.08617692307692308 0.09046923076923077
1 0.4131846153846154 0.23666153846153848 0.08013076923076923 0.08593076923076923
1 0.4578384615384616 0.4535923076923077 0.08683846153846154 0.09273076923076923
1 0.969276923076923 0.9549538461538462 0.061446153846153845 0.0901
1 0.3770307692307692 0.5674230769230769 0.06695384615384616 0.08690769230769231
1 0.5121076923076923 0.23710769230769232 0.07273846153846154 0.08966153846153846
1 0.9631384615384615 0.6685307692307693 0.07373076923076922 0.09389230769230769
1 0.44463846153846154 0.9592307692307692 0.10966923076923077 0.08153076923076923
1 0.5871076923076923 0.09262307692307692 0.11257692307692307 0.11921538461538461
1 0.46784615384615386 0.7886307692307692 0.06826153846153846 0.08737692307692307
1 0.5917538461538462 0.5123923076923077 0.07766923076923077 0.09613846153846155
1 0.5758307692307693 0.6801923076923077 0.08313846153846154 0.08518461538461539
1 0.3652923076923077 0.4950384615384615 0.07889230769230769 0.0950076923076923
1 0.9270307692307693 0.05507692307692307 0.12584615384615383 0.11014615384615384
1 0.09726153846153845 0.4645538461538461 0.08319230769230769 0.08664615384615384
1 0.5981923076923077 0.8724076923076924 0.10011538461538462 0.1130153846153846
1 0.7559769230769231 0.08602307692307692 0.10295384615384616 0.11662307692307694
1 0.4248 0.6849384615384615 0.10493846153846152 0.10786153846153847
1 0.6923615384615385 0.3561153846153846 0.08453846153846155 0.09785384615384615
1 0.5923461538461539 0.17286153846153846 0.0761076923076923 0.08943076923076923
1 0.06598461538461539 0.3057461538461539 0.10623076923076923 0.10286923076923075
1 0.06382307692307693 0.18067692307692307 0.0914076923076923 0.09593076923076922
1 0.2912692307692307 0.6318769230769231 0.07334615384615384 0.07754615384615385
1 0.2689076923076923 0.48410000000000003 0.07138461538461538 0.09210769230769231
1 0.9103538461538462 0.16516153846153847 0.11513846153846155 0.11007692307692307
1 0.19096153846153846 0.10783846153846154 0.07969230769230769 0.07051538461538462
1 0.24791538461538462 0.4001769230769231 0.07643846153846154 0.08649230769230769
1 0.23707692307692307 0.33571538461538464 0.07649230769230769 0.0797
1 0.15081538461538463 0.22689230769230767 0.07598461538461539 0.09294615384615385
1 0.05927692307692308 0.5374461538461538 0.07939230769230769 0.09867692307692308
1 0.14746923076923077 0.6098230769230769 0.06869230769230769 0.08397692307692307
1 0.03461538461538462 0.08173846153846154 0.06923076923076923 0.09075384615384616