0 0.14501953125 0.96345703125 0.09890625 0.073076171875
0 0.612548828125 0.78771484375 0.10525390625 0.095693359375
0 0.22955078125 0.96875 0.107080078125 0.062509765625
0 0.16388671875 0.8584765625 0.1030078125 0.0983984375
0 0.71921875 0.833408203125 0.093291015625 0.081552734375
0 0.227119140625 0.664453125 0.075400390625 0.069443359375
0 0.07638671875 0.57498046875 0.076923828125 0.06009765625
0 0.562763671875 0.8967578125 0.1087890625 0.099580078125
0 0.651005859375 0.873349609375 0.088671875 0.08880859375
0 0.263916015625 0.885751953125 0.100703125 0.098125
0 0.788515625 0.57806640625 0.0715234375 0.067001953125