1 0.02943076923076923 0.4614846153846153 0.05886153846153846 0.12409230769230768
1 0.029992307692307693 0.9553538461538462 0.059976923076923074 0.08929230769230768
1 0.5680461538461539 0.9493846153846154 0.12618461538461537 0.09418461538461538
1 0.03345384615384615 0.32134615384615384 0.06691538461538461 0.1712076923076923
1 0.21916923076923078 0.06156923076923077 0.12694615384615385 0.11736153846153846
1 0.6098769230769231 0.12985384615384615 0.07651538461538461 0.07562307692307693
1 0.6532538461538462 0.20313076923076923 0.08248461538461539 0.07987692307692308
1 0.3781 0.04296153846153846 0.09915384615384616 0.07795384615384615
1 0.5742923076923078 0.2224923076923077 0.09307692307692307 0.07302307692307693
1 0.11374615384615384 0.9227307692307692 0.17227692307692308 0.14984615384615385
1 0.6724076923076923 0.47128461538461536 0.19175384615384616 0.18153846153846154
1 0.49053076923076927 0.9766230769230768 0.09678461538461539 0.04675384615384615
1 0.2564076923076923 0.5550307692307692 0.07925384615384616 0.0751