1 0.20697692307692306 0.8996846153846153 0.11412307692307694 0.11329230769230769
1 0.8880076923076924 0.40660769230769234 0.15433846153846154 0.14676153846153844
1 0.1389846153846154 0.6836384615384615 0.11054615384615385 0.09616153846153846
1 0.40041538461538456 0.14993076923076923 0.1118923076923077 0.09467692307692308
1 0.3770307692307692 0.46006153846153847 0.13362307692307693 0.1298692307692308
1 0.14710769230769233 0.28231538461538463 0.09364615384615384 0.09251538461538461
1 0.08944615384615384 0.8932153846153846 0.1230923076923077 0.11884615384615385
1 0.9460307692307691 0.6457999999999999 0.10793846153846154 0.1504769230769231
1 0.29899230769230767 0.9543692307692309 0.11012307692307692 0.08603076923076923
1 0.4504923076923077 0.2910384615384616 0.11270769230769231 0.11575384615384615
1 0.3426923076923077 0.8696538461538461 0.13805384615384617 0.1361923076923077
1 0.12033846153846153 0.07396923076923077 0.0975923076923077 0.08882307692307692
1 0.0659076923076923 0.2178 0.1318153846153846 0.1459769230769231
1 0.2074 0.3762153846153846 0.06921538461538462 0.06309230769230768
1 0.15513846153846153 0.17973846153846154 0.09065384615384615 0.09846923076923077
1 0.7604461538461539 0.11762307692307691 0.14073846153846153 0.1384153846153846
1 0.8480538461538462 0.6214153846153846 0.14443846153846154 0.1421923076923077
1 0.3351076923076923 0.30935384615384615 0.09645384615384615 0.09521538461538462
1 0.2539769230769231 0.8094692307692307 0.13085384615384615 0.11496153846153845
1 0.049 0.31325384615384616 0.09800769230769231 0.12246923076923077
1 0.5430076923076923 0.3028 0.12936923076923076 0.14405384615384617
1 0.12587692307692305 0.4507 0.14825384615384615 0.14895384615384613