0 0.5260416666666666 0.61784375 0.0703125 0.07161458333333333
0 0.3815104166666667 0.9609375 0.0859375 0.078125
0 0.4348958333333333 0.9121145833333333 0.07552083333333333 0.07421875
0 0.43424999999999997 0.7832083333333333 0.07161458333333333 0.07682291666666667
0 0.33008333333333334 0.6393229166666666 0.07161458333333333 0.06770833333333333
0 0.3893229166666667 0.6354166666666666 0.0625 0.06770833333333333
0 0.5390625 0.5299479166666666 0.0859375 0.08072916666666667
0 0.6933645833333333 0.46810416666666665 0.07161458333333333 0.08203125
0 0.7721354166666666 0.4622395833333333 0.078125 0.08333333333333333
0 0.8958333333333334 0.5377604166666666 0.08333333333333333 0.07552083333333333
0 0.8378958333333333 0.3528645833333333 0.08463541666666667 0.0703125
0 0.8046875 0.07617708333333333 0.057291666666666664 0.04296875
0 0.7096354166666666 0.10091666666666667 0.059895833333333336 0.05078125
0 0.51953125 0.11914583333333333 0.078125 0.061197916666666664
0 0.2942708333333333 0.12305208333333333 0.06770833333333333 0.055989583333333336
0 0.109375 0.29102083333333334 0.08333333333333333 0.06640625
0 0.8046875 0.6894583333333333 0.059895833333333336 0.061197916666666664
0 0.83203125 0.8072916666666666 0.08072916666666667 0.0859375
0 0.9485729166666667 0.8307291666666666 0.08203125 0.0859375
0 0.9563854166666667 0.9121145833333333 0.07942708333333333 0.08723958333333333
0 0.7135416666666666 0.8730520833333333 0.08072916666666667 0.07942708333333333
0 0.6126354166666667 0.7597708333333333 0.07942708333333333 0.08203125
0 0.5878958333333333 0.68425 0.08723958333333333 0.09505208333333333
0 0.63346875 0.86784375 0.08723958333333333 0.07161458333333333
0 0.46029166666666665 0.078125 0.08463541666666667 0.059895833333333336
0 0.3111979166666667 0.8580729166666666 0.109375 0.09895833333333333
0 0.40299999999999997 0.8405 0.08463541666666667 0.061197916666666664
0 0.5885416666666666 0.91796875 0.08072916666666667 0.08072916666666667
0 0.3346354166666667 0.48893749999999997 0.08333333333333333 0.06380208333333333
0 0.15755208333333334 0.6783854166666666 0.09895833333333333 0.09635416666666667
0 0.040364583333333336 0.47852083333333334 0.08072916666666667 0.06901041666666667