1 0.6092461538461539 0.9285615384615385 0.0772923076923077 0.08686923076923077
1 0.7794461538461538 0.16523076923076924 0.09151538461538461 0.08425384615384615
1 0.8511461538461539 0.18613846153846153 0.08203846153846155 0.0746
1 0.8397076923076923 0.7329692307692308 0.10556923076923078 0.09132307692307692
1 0.6327615384615385 0.11518461538461539 0.08502307692307692 0.08261538461538462
1 0.8143230769230768 0.6321384615384615 0.07249230769230769 0.07840769230769232
1 0.9513384615384616 0.20031538461538465 0.05890769230769231 0.054261538461538465
1 0.7748538461538461 0.05564615384615385 0.07525384615384616 0.08913076923076924
1 0.8612076923076922 0.049546153846153844 0.061338461538461536 0.05786153846153846
1 0.9416384615384616 0.5389153846153847 0.09823846153846154 0.08027692307692308
1 0.6446461538461539 0.5173153846153846 0.07914615384615385 0.06348461538461539
1 0.9076923076923077 0.3339769230769231 0.10513076923076922 0.10128461538461538
1 0.4596153846153846 0.3096153846153846 0.10128461538461538 0.09871538461538462
1 0.5506384615384615 0.16025384615384616 0.07563846153846154 0.0717923076923077
1 0.3384615384615385 0.0314076923076923 0.09230769230769231 0.06282307692307693
1 0.4173076923076923 0.6230769230769231 0.0859 0.07436153846153847