1 0.6058153846153845 0.7318615384615385 0.0945076923076923 0.10416153846153846
1 0.13192307692307692 0.7885615384615385 0.09337692307692308 0.1313846153846154
1 0.5006615384615385 0.4896538461538461 0.07415384615384615 0.09049230769230769
1 0.20231538461538462 0.43363076923076926 0.10229230769230768 0.13703846153846155
1 0.6784846153846154 0.5583923076923076 0.08525384615384615 0.09616153846153846
1 0.4248230769230769 0.20678461538461537 0.10334615384615384 0.11265384615384615
1 0.5956615384615385 0.5034615384615385 0.09076153846153846 0.10753076923076922
1 0.049376923076923075 0.8757 0.09876153846153846 0.12009230769230769
1 0.45406153846153846 0.12170769230769231 0.08773076923076922 0.0874
1 0.28243076923076926 0.36746153846153845 0.08054615384615384 0.10795384615384615
1 0.19313076923076922 0.16061538461538463 0.08194615384615385 0.09516153846153845
1 0.22275384615384614 0.8644923076923077 0.06626923076923077 0.08732307692307692
1 0.1398076923076923 0.2881923076923077 0.07178461538461538 0.09003076923076923
1 0.07704615384615385 0.45423846153846154 0.06453076923076922 0.057330769230769234
1 0.5143384615384615 0.7597692307692308 0.10144615384615384 0.11584615384615385
1 0.966376923076923 0.6926076923076923 0.06724615384615384 0.09943076923076923
1 0.7670230769230769 0.4642692307692307 0.08399230769230769 0.0881
1 0.0735 0.528876923076923 0.06821538461538462 0.09990769230769231
1 0.7527076923076923 0.6927538461538462 0.08173846153846154 0.0918076923076923
1 0.9746846153846154 0.4906384615384616 0.050638461538461535 0.12035384615384616
1 0.20602307692307692 0.5882846153846154 0.08909230769230769 0.0967