1 0.5598230769230769 0.8813769230769231 0.09456153846153846 0.09302307692307693
1 0.3291615384615385 0.837323076923077 0.1087076923076923 0.10424615384615385
1 0.03597692307692308 0.5050153846153846 0.07195384615384616 0.12536153846153847
1 0.2426769230769231 0.7789 0.13318461538461537 0.15526923076923077
1 0.15503076923076922 0.4018923076923077 0.12451538461538462 0.12406153846153846
1 0.6810153846153847 0.8646692307692307 0.15797692307692307 0.13304615384615384
1 0.11326923076923077 0.2083076923076923 0.13295384615384614 0.11161538461538462
1 0.3169 0.33823846153846154 0.11101538461538461 0.09813846153846154
1 0.39256153846153846 0.562976923076923 0.12342307692307691 0.1002923076923077
1 0.028453846153846156 0.33207692307692305 0.05691538461538461 0.11840769230769231
1 0.08566153846153846 0.9009538461538462 0.10858461538461538 0.11861538461538461
1 0.1968 0.9406230769230769 0.10065384615384615 0.11147692307692307
1 0.1413230769230769 0.5579230769230769 0.0938 0.10123846153846155
1 0.01946153846153846 0.9676384615384616 0.03893076923076923 0.06473076923076923
1 0.0238 0.9824076923076924 0.0476 0.035184615384615384
1 0.07778461538461538 0.9868384615384617 0.08626153846153846 0.02632307692307692
1 0.2511923076923077 0.5794153846153847 0.1119 0.09423076923076923
1 0.9516307692307692 0.8261615384615385 0.09674615384615384 0.11516923076923077
1 0.3531692307692308 0.7303230769230769 0.0779 0.0707
1 0.6757461538461539 0.9718692307692308 0.1117923076923077 0.05625384615384615
1 0.751376923076923 0.758 0.12793076923076924 0.1244
1 0.5186153846153847 0.7889307692307691 0.10156923076923076 0.09114615384615385