1 0.3152153846153846 0.8140538461538461 0.09323846153846153 0.06816153846153847
1 0.6682769230769231 0.5794153846153847 0.06889999999999999 0.06422307692307692
1 0.6665 0.29025384615384614 0.07619230769230768 0.05676153846153847
1 0.05263076923076923 0.772676923076923 0.07214615384615385 0.0661
1 0.4054615384615385 0.9765153846153847 0.09212307692307693 0.04696923076923077
1 0.5196769230769231 0.7724 0.06563846153846153 0.07003076923076923
1 0.7051923076923077 0.8021384615384615 0.07192307692307692 0.07062307692307693
1 0.8013 0.45387692307692307 0.08437692307692307 0.0637923076923077
1 0.1725846153846154 0.7128384615384615 0.060099999999999994 0.0812076923076923
1 0.6186307692307692 0.9342999999999999 0.08712307692307693 0.06983076923076924
1 0.275 0.5070538461538461 0.06025384615384615 0.06025384615384615
1 0.2314076923076923 0.9506384615384614 0.11410000000000001 0.07563846153846154
1 0.6153846153846154 0.7064076923076923 0.09230769230769231 0.08205384615384616
1 0.9314076923076923 0.5134615384615384 0.06794615384615385 0.06538461538461539
1 0.9724384615384616 0.6128230769230769 0.05513076923076923 0.06666923076923077
1 0.9705153846153847 0.3698692307692308 0.05897692307692308 0.07563846153846154
1 0.7826923076923077 0.11730769230769231 0.07563846153846154 0.06025384615384615
1 0.9064076923076922 0.03076923076923077 0.07436153846153847 0.06153846153846154
1 0.05128461538461539 0.3294846153846154 0.08461538461538462 0.05384615384615385
1 0.22563846153846154 0.6384615384615384 0.04102307692307692 0.043592307692307694
1 0.07692307692307693 0.6942307692307692 0.0641 0.057692307692307696
1 0.5570538461538461 0.5237153846153847 0.07051538461538462 0.05
1 0.3717923076923077 0.4083307692307693 0.07692307692307693 0.05256153846153846
1 0.5782076923076923 0.21153846153846154 0.0717923076923077 0.05897692307692308
1 0.8737153846153846 0.10384615384615385 0.08076923076923077 0.0717923076923077