0 0.970380859375 0.928583984375 0.05923828125 0.092451171875
0 0.7315234375 0.810986328125 0.08474609375 0.077646484375
0 0.4515625 0.64869140625 0.076484375 0.08107421875
0 0.026953125 0.89248046875 0.05390625 0.090673828125
0 0.050927734375 0.76583984375 0.101845703125 0.101806640625
0 0.7858984375 0.975146484375 0.09966796875 0.049697265625
0 0.235126953125 0.945068359375 0.075244140625 0.088076171875
0 0.137470703125 0.335859375 0.07740234375 0.070322265625
0 0.604736328125 0.64689453125 0.07685546875 0.079716796875
0 0.505400390625 0.564462890625 0.106259765625 0.092548828125
0 0.905908203125 0.2145703125 0.0698828125 0.070244140625
0 0.216748046875 0.108134765625 0.084375 0.069775390625
0 0.04146484375 0.660888671875 0.073330078125 0.088857421875
0 0.2337109375 0.576640625 0.0648046875 0.06806640625
0 0.362822265625 0.58189453125 0.07025390625 0.067607421875
0 0.32564453125 0.42115234375 0.06404296875 0.06716796875
0 0.04296875 0.25525390625 0.080068359375 0.051015625
0 0.846884765625 0.531318359375 0.064052734375 0.0591796875
0 0.37798828125 0.1619921875 0.07654296875 0.0556640625
0 0.736435546875 0.191953125 0.08126953125 0.075068359375