0 0.7828068862275449 0.4166691616766467 0.07859281437125748 0.0748502994011976
0 0.8732559880239521 0.4721781437125749 0.0748502994011976 0.06611526946107785
0 0.3792440119760479 0.4965044910179641 0.06985778443113773 0.059880239520958084
0 0.28630239520958084 0.43725299401197604 0.06611526946107785 0.048652694610778445
0 0.16217814371257483 0.2295434131736527 0.06736526946107785 0.06736526946107785
0 0.4759206586826348 0.9612050898203593 0.07859281437125748 0.0761002994011976
0 0.6293637724550899 0.7011002994011976 0.09605538922155689 0.09481287425149701
0 0.5233308383233533 0.5869535928143712 0.0736002994011976 0.07110778443113773
0 0.5127245508982036 0.5245733532934133 0.0748502994011976 0.06362275449101797
0 0.4328817365269461 0.3842290419161677 0.062372754491017965 0.06736526946107785
0 0.2195583832335329 0.6586826347305389 0.07734281437125748 0.08233532934131736
0 0.08108532934131736 0.8838547904191616 0.12973802395209583 0.12599550898203593
0 0.0361751497005988 0.5782185628742516 0.07235778443113773 0.08108532934131736
0 0.39857784431137727 0.1752769461077844 0.06861526946107785 0.06611526946107785
0 0.6861302395209581 0.33869760479041916 0.06736526946107785 0.06861526946107785
0 0.22580089820359284 0.3954565868263473 0.06736526946107785 0.059880239520958084
0 0.38922155688622756 0.3305913173652695 0.0748502994011976 0.07235778443113773
0 0.7372754491017964 0.7023428143712576 0.08482784431137724 0.07984281437125748
0 0.9453592814371258 0.9503517964071857 0.1092814371257485 0.09930389221556886
0 0.8158682634730539 0.655561377245509 0.092312874251497 0.08857035928143712
0 0.9468562874251497 0.4622005988023952 0.07235778443113773 0.0736002994011976
0 0.5289446107784431 0.7004715568862275 0.059880239520958084 0.07110778443113773
0 0.6405913173652695 0.4590793413173653 0.08607784431137724 0.07734281437125748
0 0.5788398203592815 0.8358308383233534 0.08482784431137724 0.08233532934131736
0 0.7067140718562874 0.7877994011976048 0.09855538922155688 0.09855538922155688
0 0.9565868263473054 0.8252245508982036 0.08682634730538923 0.10853293413173652
0 0.5769685628742516 0.9156661676646706 0.08358532934131736 0.07734281437125748