1 0.7190769230769231 0.8869923076923076 0.14713846153846155 0.14403076923076924
1 0.23534615384615384 0.6706 0.1054153846153846 0.11613846153846152
1 0.05117692307692308 0.6918615384615384 0.10234615384615385 0.09015384615384615
1 0.7617615384615384 0.31325384615384616 0.14353846153846153 0.17904615384615383
1 0.294 0.33560769230769233 0.12343076923076923 0.14376153846153844
1 0.07643076923076923 0.841376923076923 0.12151538461538461 0.1511076923076923
1 0.4516692307692307 0.1347846153846154 0.10003846153846155 0.11425384615384615
1 0.2614923076923077 0.5126846153846154 0.08671538461538462 0.08588461538461539
1 0.1546846153846154 0.09995384615384616 0.06715384615384615 0.09333076923076923
1 0.5213538461538462 0.4494615384615384 0.07359230769230769 0.09465384615384616
1 0.14455384615384614 0.3415692307692308 0.08771538461538461 0.07335384615384616