1 0.5878461538461539 0.03792307692307692 0.1481230769230769 0.07583846153846154
1 0.6623153846153846 0.27153076923076924 0.08756153846153845 0.08336153846153846
1 0.07262307692307692 0.4503384615384616 0.10286923076923075 0.10458461538461539
1 0.728176923076923 0.19062307692307692 0.10656923076923076 0.0949076923076923
1 0.5282538461538462 0.21799999999999997 0.10612307692307693 0.0963923076923077
1 0.8872461538461539 0.8777307692307692 0.15482307692307692 0.11291538461538461
1 0.16163846153846154 0.9467307692307693 0.1468076923076923 0.09755384615384614
1 0.4002538461538462 0.17531538461538462 0.12400769230769232 0.11443076923076922
1 0.33316153846153845 0.5094384615384615 0.1323 0.13303076923076923
1 0.1998076923076923 0.1915769230769231 0.10467692307692308 0.1229153846153846
1 0.5258538461538461 0.42433846153846155 0.10321538461538463 0.10613846153846153
1 0.5198538461538461 0.15203076923076922 0.10755384615384615 0.10015384615384615
1 0.6230538461538462 0.13311538461538464 0.10753076923076922 0.10017692307692307
1 0.6335846153846154 0.7665615384615384 0.11666153846153846 0.10650769230769232
1 0.0327 0.2189846153846154 0.0654076923076923 0.12535384615384615
1 0.07993846153846154 0.6130230769230769 0.11790769230769231 0.0937
1 0.051276923076923074 0.9725615384615384 0.10256153846153847 0.05487692307692308
1 0.5907538461538462 0.8393076923076922 0.11333846153846154 0.10161538461538461
1 0.8506384615384615 0.692123076923077 0.11126153846153845 0.09988461538461538
1 0.4389 0.6035538461538461 0.13006153846153848 0.13554615384615384
1 0.4187692307692307 0.4898384615384615 0.11086153846153847 0.10091538461538462
1 0.3955076923076923 0.7453692307692308 0.11094615384615383 0.11272307692307691
1 0.6841153846153847 0.9726461538461539 0.1284 0.05470769230769231
1 0.30596153846153845 0.6146 0.10796153846153846 0.1037
1 0.7120615384615384 0.12108461538461539 0.07468461538461539 0.08203846153846155
1 0.7579 0.36851538461538463 0.1088076923076923 0.09647692307692309
1 0.17265384615384616 0.6495230769230769 0.13132307692307693 0.10183846153846153