1 0.11473846153846154 0.7118076923076924 0.10027692307692308 0.09685384615384615
1 0.8478153846153846 0.6875230769230769 0.11659230769230769 0.10901538461538461
1 0.6902384615384615 0.0936846153846154 0.11706923076923077 0.11835384615384617
1 0.7538846153846154 0.4850461538461538 0.14002307692307692 0.13988461538461539
1 0.30096923076923077 0.6100846153846154 0.10473846153846153 0.1224923076923077
1 0.05105384615384616 0.7875846153846154 0.10210769230769232 0.1457846153846154
1 0.3569538461538462 0.20587692307692307 0.09822307692307693 0.10976153846153847
1 0.694123076923077 0.8099769230769231 0.1138 0.11674615384615386
1 0.20548461538461538 0.9410769230769231 0.12730769230769232 0.1054153846153846
1 0.4271615384615384 0.5379230769230768 0.11282307692307691 0.10816153846153848
1 0.14556153846153846 0.0779076923076923 0.1529 0.1544
1 0.3164076923076923 0.3626615384615384 0.0794923076923077 0.09603846153846153
1 0.018246153846153846 0.9493615384615385 0.036500000000000005 0.09845384615384616
1 0.8997923076923077 0.24236923076923075 0.10019230769230769 0.09243846153846154
1 0.5780846153846154 0.6176692307692307 0.10462307692307692 0.11213076923076924
1 0.38543076923076924 0.9734538461538461 0.10478461538461538 0.0531
1 0.5206384615384616 0.692976923076923 0.09003076923076923 0.10400769230769231
1 0.12108461538461539 0.30667692307692307 0.11362307692307692 0.11586923076923077
1 0.1101846153846154 0.9610307692307691 0.08346153846153846 0.07793076923076923
1 0.20705384615384617 0.5714538461538461 0.13992307692307693 0.14783846153846153
1 0.6114846153846153 0.4199923076923077 0.14702307692307692 0.14824615384615383
1 0.6239076923076924 0.30165384615384616 0.07013076923076923 0.08889230769230769
1 0.012253846153846153 0.16010769230769228 0.024515384615384616 0.10566923076923078