1 0.36351538461538463 0.07616923076923077 0.14655384615384617 0.15233846153846153
1 0.40867692307692305 0.5709153846153846 0.11306153846153845 0.09850769230769231
1 0.0393 0.17192307692307693 0.0786 0.13037692307692308
1 0.8912923076923077 0.8987153846153846 0.10684615384615385 0.11165384615384616
1 0.6563461538461538 0.6505384615384616 0.10173076923076924 0.10039230769230768
1 0.9278923076923077 0.3787076923076923 0.13086923076923077 0.135
1 0.4575307692307692 0.8504615384615384 0.0746076923076923 0.0708846153846154
1 0.9167923076923077 0.7894923076923076 0.1192923076923077 0.10613846153846153
1 0.6613923076923076 0.4622230769230769 0.09519230769230769 0.09503076923076924
1 0.7420846153846155 0.0785076923076923 0.18450769230769232 0.15492307692307694
1 0.1217923076923077 0.9609000000000001 0.06666923076923077 0.05513076923076923
1 0.4109 0.29936153846153846 0.15 0.13974615384615383
1 0.043592307692307694 0.5474384615384615 0.08717692307692308 0.1
1 0.7288461538461538 0.8243615384615385 0.05513076923076923 0.05384615384615385
1 0.7775615384615385 0.4320538461538461 0.12436153846153845 0.11025384615384616