1 0.09997692307692307 0.34916153846153847 0.1097 0.11082307692307691
1 0.027915384615384616 0.48408461538461534 0.05582307692307692 0.11655384615384616
1 0.03801538461538462 0.8973999999999999 0.07603076923076924 0.10461538461538461
1 0.4312615384615385 0.5714384615384616 0.15734615384615386 0.12793076923076924
1 0.2986076923076923 0.8981384615384614 0.10527692307692309 0.10823076923076923
1 0.06713846153846154 0.02759230769230769 0.07076153846153846 0.05518461538461538
1 0.5717153846153846 0.6702153846153845 0.1108 0.10300000000000001
1 0.3468615384615385 0.2689846153846154 0.1279153846153846 0.11960769230769232
1 0.923623076923077 0.8552153846153846 0.1198923076923077 0.11206923076923077
1 0.5547 0.38995384615384615 0.09663076923076923 0.1057846153846154
1 0.3403846153846154 0.42823076923076925 0.10986153846153845 0.09663846153846153
1 0.6312076923076924 0.7541461538461538 0.09153846153846154 0.08385384615384615
1 0.030230769230769228 0.16410769230769232 0.06046923076923077 0.0944923076923077
1 0.7224 0.4092846153846154 0.0979923076923077 0.09448461538461539
1 0.906846153846154 0.7442923076923077 0.12813076923076921 0.11683076923076922
1 0.6244846153846154 0.23541538461538464 0.08802307692307693 0.07663076923076924
1 0.9088999999999999 0.2573923076923077 0.12949230769230768 0.09483846153846154
1 0.1986846153846154 0.3525846153846154 0.10918461538461538 0.11523846153846154
1 0.7469615384615385 0.12277692307692309 0.10920769230769231 0.09236153846153845
1 0.9289923076923078 0.34397692307692307 0.13393846153846153 0.1108
1 0.3609769230769231 0.9463999999999999 0.1036923076923077 0.0987
1 0.9161461538461538 0.04267692307692308 0.15366153846153846 0.08535384615384616
1 0.09858461538461538 0.49668461538461545 0.15251538461538464 0.13484615384615387
1 0.5042538461538462 0.7720307692307692 0.09802307692307693 0.09541538461538462
1 0.3529307692307692 0.06923846153846154 0.09659230769230769 0.08933076923076923
1 0.9568153846153845 0.5261692307692307 0.08636153846153846 0.10479230769230768
1 0.7219846153846154 0.32275384615384617 0.13134615384615383 0.10506923076923078
1 0.6440153846153847 0.04100769230769231 0.08577692307692308 0.08200769230769231
1 0.9676615384615385 0.1294076923076923 0.06466923076923077 0.11641538461538462
1 0.8778384615384616 0.45570769230769226 0.12233076923076923 0.1265
1 0.7543 0.9596230769230769 0.0819923076923077 0.07287692307692308
1 0.02929230769230769 0.3278923076923077 0.05858461538461538 0.1248923076923077
1 0.7388461538461538 0.5119 0.11718461538461539 0.09806923076923077
1 0.18826923076923077 0.22136153846153844 0.11586923076923077 0.11355384615384616
1 0.2434 0.715923076923077 0.14083846153846155 0.12542307692307694
1 0.3437076923076923 0.799723076923077 0.10754615384615385 0.10133076923076922
1 0.4999538461538462 0.2237076923076923 0.11332307692307692 0.10615384615384615
1 0.2707769230769231 0.021384615384615384 0.06990769230769231 0.042776923076923073
1 0.03304615384615385 0.24939230769230766 0.0660923076923077 0.12283076923076923
1 0.9005923076923077 0.6052538461538461 0.14603846153846153 0.12261538461538463
1 0.6126461538461538 0.9269076923076923 0.07986923076923076 0.07237692307692307
1 0.7568461538461538 0.7536923076923077 0.08935384615384614 0.09906153846153846
1 0.10400769230769231 0.15926923076923077 0.07812307692307692 0.06814615384615384
1 0.6952615384615385 0.8975461538461538 0.1076 0.10752307692307693
1 0.15083846153846153 0.6038 0.1298 0.1405923076923077
1 0.6435615384615384 0.4827923076923077 0.07316153846153846 0.06575384615384616
1 0.6339384615384616 0.15966923076923076 0.09643076923076924 0.0846076923076923
1 0.41759999999999997 0.7371076923076924 0.12814615384615385 0.11416923076923076
1 0.20604615384615385 0.0587923076923077 0.06886153846153846 0.06931538461538461
1 0.30225384615384615 0.34993846153846153 0.06600769230769231 0.054915384615384616
1 0.4562538461538462 0.09244615384615384 0.057969230769230766 0.07580769230769231