0.9453125 0.896484375 0.9384765625 0.900390625 0.9150390625 0.8984375 0.9013671875 0.8544921875 0.87109375 0.8427734375 0.869140625
0.0927734375 0.841796875 0.0986328125 0.83984375 0.119140625 0.7666015625 0.103515625 0.7177734375 0.0908203125 0.70703125 0.0751953125 0.70703125
0.900390625 0.1923828125 0.900390625 0.216796875 0.8740234375 0.20703125 0.8466796875 0.2021484375 0.83984375 0.1650390625 0.82421875
0.7578125 0.720703125 0.7373046875 0.724609375 0.6962890625 0.7177734375 0.689453125 0.6787109375 0.671875 0.6689453125 0.671875
0.619140625 0.7822265625 0.6171875 0.810546875 0.5849609375 0.80859375 0.5693359375 0.7744140625 0.537109375 0.7529296875 0.525390625 0.7431640625 0.52734375
0.517578125 0.5380859375 0.515625 0.580078125 0.4794921875 0.580078125 0.4677734375 0.5546875 0.4248046875 0.5380859375 0.4140625 0.4755859375 0.41015625 0.466796875 0.4150390625
0.6328125 0.453125 0.6201171875 0.439453125 0.5791015625 0.4326171875 0.572265625 0.3837890625 0.568359375
0.294921875 0.6865234375 0.29296875 0.705078125 0.2431640625 0.673828125 0.2021484375 0.6650390625 0.1953125 0.6025390625 0.193359375
0.6044921875 0.189453125 0.61328125 0.1826171875 0.62890625 0.1552734375 0.6015625 0.1142578125 0.5927734375 0.107421875 0.5244140625 0.107421875
0.16015625 0.8427734375 0.1328125 0.845703125 0.1240234375 0.8212890625 0.080078125 0.7861328125 0.0625 0.7763671875 0.0625
0.197265625 0.3173828125 0.189453125 0.330078125 0.1806640625 0.3359375 0.1416015625 0.3134765625 0.115234375 0.2744140625 0.103515625 0.2275390625 0.123046875
0.087890625 0.1845703125 0.080078125 0.1474609375 0.0419921875 0.125 0.0322265625 0.125
0.1005859375 0.2265625 0.0654296875 0.2265625 0.0556640625 0.2060546875 0.033203125 0.1943359375 0.033203125 0.1630859375 0.0390625
0.416015625 0.1767578125 0.41796875 0.2080078125 0.40625 0.228515625 0.3720703125 0.228515625 0.3623046875 0.2099609375 0.33984375 0.1708984375 0.333984375
0.49609375 0.423828125 0.4892578125 0.423828125 0.4560546875 0.3857421875 0.4296875
0.447265625 0.3623046875 0.443359375 0.38671875 0.4091796875 0.38671875 0.3701171875 0.3408203125 0.34765625
0.373046875 0.4091796875 0.369140625 0.431640625 0.3349609375 0.4013671875 0.28125 0.3525390625 0.279296875
0.3828125 0.494140625 0.3759765625 0.48828125 0.3408203125 0.4833984375 0.3359375 0.4482421875 0.322265625 0.435546875 0.3310546875
0.240234375 0.3759765625 0.248046875 0.3974609375 0.248046875 0.427734375 0.2255859375 0.4296875 0.2177734375 0.423828125 0.1865234375 0.4169921875 0.177734375 0.3818359375 0.16015625 0.3486328125 0.16015625
0.337890625 0.0947265625 0.345703125 0.0576171875 0.3154296875 0.029296875 0.3076171875 0.02734375 0.2607421875 0.041015625
0.509765625 0.22265625 0.4755859375 0.22265625 0.4677734375 0.1982421875 0.423828125 0.1572265625 0.42578125
0.40234375 0.6845703125 0.39453125 0.69140625 0.3896484375 0.69921875 0.3271484375 0.6904296875 0.318359375 0.6201171875 0.326171875
0.486328125 0.939453125 0.4755859375 0.939453125 0.4345703125 0.9365234375 0.431640625 0.8896484375 0.419921875
0.900390625 0.3115234375 0.8984375 0.31640625 0.8935546875 0.31640625 0.8505859375 0.3115234375 0.84375 0.2841796875 0.828125 0.2451171875 0.8359375