0 0.5657604166666667 0.6087291666666667 0.06901041666666667 0.061197916666666664
0 0.6868541666666667 0.55078125 0.07421875 0.057291666666666664
0 0.6503958333333333 0.4869791666666667 0.06901041666666667 0.0546875
0 0.7135416666666666 0.47331249999999997 0.07552083333333333 0.06640625
0 0.6191458333333333 0.43945833333333334 0.05078125 0.05078125
0 0.7213541666666666 0.6673229166666667 0.07552083333333333 0.07421875
0 0.40234375 0.7447916666666666 0.078125 0.09375
0 0.42773958333333334 0.57878125 0.07682291666666667 0.10026041666666667
0 0.36654166666666665 0.0905 0.053385416666666664 0.06380208333333333
0 0.2076875 0.06185416666666667 0.048177083333333336 0.048177083333333336
0 0.07617708333333333 0.8385416666666666 0.11588541666666667 0.1171875
0 0.2421875 0.7806041666666667 0.07552083333333333 0.06380208333333333
0 0.30404166666666665 0.8977916666666667 0.09505208333333333 0.08723958333333333
0 0.4700520833333333 0.8925833333333333 0.07291666666666667 0.07942708333333333
0 0.9264375 0.8391979166666667 0.09505208333333333 0.10026041666666667
0 0.8606770833333334 0.87565625 0.0859375 0.10026041666666667
0 0.7877604166666666 0.637375 0.08333333333333333 0.07682291666666667
0 0.6432291666666666 0.20572916666666666 0.046875 0.049479166666666664
0 0.765625 0.06055208333333333 0.0703125 0.061197916666666664
0 0.2981770833333333 0.31315624999999997 0.0625 0.06901041666666667
0 0.32227083333333334 0.4466145833333333 0.07161458333333333 0.057291666666666664
0 0.3971354166666667 0.48112499999999997 0.07552083333333333 0.08203125
0 0.3033854166666667 0.66471875 0.08333333333333333 0.07942708333333333
0 0.55859375 0.4557291666666667 0.08333333333333333 0.057291666666666664
0 0.4830729166666667 0.46159374999999997 0.078125 0.07942708333333333
0 0.11197916666666667 0.27539583333333334 0.06510416666666667 0.048177083333333336
0 0.6197916666666666 0.7213541666666666 0.078125 0.08072916666666667