1 0.8573230769230769 0.4493538461538461 0.1749076923076923 0.1654076923076923
1 0.847423076923077 0.7326846153846154 0.16104615384615387 0.16623846153846156
1 0.26458461538461536 0.7028461538461539 0.08775384615384615 0.09298461538461539
1 0.5717 0.32318461538461535 0.11593846153846153 0.08836923076923077
1 0.5736307692307693 0.18354615384615386 0.12830769230769232 0.11726923076923076
1 0.4227692307692308 0.904823076923077 0.08353076923076923 0.07902307692307693
1 0.9454153846153845 0.8792923076923076 0.10165384615384616 0.12416153846153846
1 0.7157307692307693 0.4603692307692308 0.1713076923076923 0.16088461538461538
1 0.5857 0.8305153846153847 0.12609230769230767 0.12185384615384615
1 0.4250384615384615 0.6622615384615385 0.09255384615384615 0.09312307692307692
1 0.7779846153846154 0.06886153846153846 0.15366153846153846 0.13424615384615385
1 0.7331384615384615 0.1691 0.13653076923076923 0.10631538461538462
1 0.07843846153846154 0.5940769230769231 0.08426153846153847 0.08854615384615384
1 0.6552846153846154 0.7317461538461538 0.07418461538461538 0.0701076923076923
1 0.1674923076923077 0.7922153846153847 0.08998461538461539 0.09080769230769231
1 0.9551538461538462 0.36376923076923073 0.08969230769230768 0.2101769230769231
1 0.9305923076923077 0.15096923076923077 0.13881538461538462 0.1225076923076923
1 0.6035846153846154 0.9491923076923078 0.14511538461538462 0.10162307692307693
1 0.8617846153846154 0.6206307692307693 0.11949230769230769 0.09566153846153846
1 0.9761384615384615 0.6718307692307692 0.04773076923076923 0.13276153846153846
1 0.20096923076923076 0.9053461538461539 0.08467692307692308 0.0798076923076923
1 0.35865384615384616 0.7787538461538461 0.08939230769230769 0.10683076923076923
1 0.8440153846153846 0.865 0.10959999999999999 0.08692307692307692
1 0.8271615384615384 0.2776692307692308 0.16403076923076923 0.15145384615384613
1 0.9475692307692307 0.9569076923076923 0.09932307692307693 0.08502307692307692
1 0.8929846153846155 0.024538461538461537 0.1344 0.049076923076923074
1 0.8067307692307693 0.9697923076923077 0.1436923076923077 0.06041538461538462