1 0.6862230769230769 0.6196692307692309 0.10113076923076923 0.09103076923076923
1 0.16779999999999998 0.6636923076923077 0.10987692307692308 0.09985384615384615
1 0.6454307692307691 0.7953384615384615 0.11763846153846154 0.11533076923076924
1 0.6575384615384615 0.4298230769230769 0.09139230769230769 0.09125384615384614
1 0.8701461538461539 0.6404923076923077 0.15765384615384614 0.1341923076923077
1 0.9339230769230769 0.30886923076923073 0.12466153846153846 0.11305384615384616
1 0.3401076923076923 0.6970538461538461 0.12080769230769231 0.12046153846153845
1 0.8334461538461538 0.11827692307692307 0.14127692307692308 0.11554615384615385
1 0.9107615384615385 0.4254769230769231 0.15386153846153847 0.14590769230769232
1 0.7524692307692308 0.2535153846153846 0.1238 0.12693846153846156
1 0.3679461538461538 0.5522 0.11818461538461537 0.12196923076923077
1 0.26095384615384615 0.13254615384615384 0.12329999999999999 0.1325230769230769
1 0.8993846153846154 0.04027692307692308 0.09003076923076923 0.08054615384615384
1 0.29142307692307695 0.8234076923076924 0.08846923076923077 0.09553076923076922
1 0.07612307692307692 0.7018692307692307 0.1005923076923077 0.10381538461538461
1 0.07094615384615385 0.7690461538461538 0.11204615384615384 0.11125384615384615
1 0.530823076923077 0.7112692307692308 0.12351538461538461 0.1301846153846154
1 0.1111923076923077 0.9468538461538463 0.12726923076923077 0.1062923076923077
1 0.11293846153846153 0.3028 0.06783076923076924 0.06013846153846154
1 0.6094384615384615 0.1388076923076923 0.12936923076923076 0.13216923076923076
1 0.19335384615384615 0.050699999999999995 0.08741538461538462 0.0860153846153846