1 0.8731384615384615 0.8819384615384616 0.08012307692307692 0.07783846153846154
1 0.8964692307692308 0.46062307692307686 0.0789923076923077 0.1025076923076923
1 0.5206 0.9151384615384616 0.08262307692307692 0.0985
1 0.6366538461538461 0.8363615384615385 0.07688461538461538 0.0885
1 0.7410307692307693 0.36848461538461535 0.07679230769230769 0.09220769230769231
1 0.8226000000000001 0.6081230769230769 0.09926153846153846 0.11089999999999998
1 0.7261153846153846 0.5733538461538462 0.09223846153846153 0.1094
1 0.40313846153846156 0.9509615384615384 0.09088461538461538 0.09090769230769231
1 0.8481 0.18098461538461538 0.07810769230769231 0.0938
1 0.9542076923076923 0.12553076923076922 0.08371538461538461 0.08912307692307692
1 0.02930769230769231 0.5899615384615385 0.058607692307692305 0.09295384615384615
1 0.16788461538461538 0.9674076923076924 0.08266923076923077 0.06519230769230769
1 0.9446384615384615 0.9264692307692308 0.10183076923076922 0.12137692307692308
1 0.7479692307692308 0.7580538461538462 0.0950076923076923 0.1215923076923077
1 0.022846153846153846 0.8616384615384616 0.045684615384615386 0.09256923076923078
1 0.7834307692307693 0.16156923076923077 0.07480769230769231 0.07303846153846154
1 0.13687692307692306 0.6737307692307692 0.06720769230769232 0.08521538461538461
1 0.5915230769230769 0.9525846153846154 0.06602307692307692 0.08219230769230769
1 0.1796230769230769 0.8233692307692309 0.08508461538461538 0.10752307692307693