1 0.14424615384615386 0.07233076923076923 0.11174615384615386 0.12024615384615384
1 0.29339230769230773 0.3049769230769231 0.11713076923076923 0.12532307692307693
1 0.05786153846153846 0.4918615384615384 0.10512307692307692 0.11183846153846153
1 0.8682538461538462 0.7919307692307692 0.11363846153846154 0.1388923076923077
1 0.9538538461538462 0.9298153846153846 0.0922923076923077 0.13103076923076923
1 0.8289538461538463 0.5605692307692308 0.14074615384615385 0.13005384615384616
1 0.6933846153846154 0.9355076923076924 0.12564615384615385 0.12897692307692307
1 0.7539846153846154 0.7685692307692308 0.14376153846153844 0.1526846153846154
1 0.1895 0.7005692307692307 0.09436923076923077 0.12290000000000001
1 0.6395923076923077 0.8516615384615385 0.09943076923076923 0.10936923076923077
1 0.9462769230769231 0.6440923076923077 0.10744615384615386 0.1469076923076923
1 0.4075076923076923 0.9332307692307693 0.11599230769230769 0.12649230769230768
1 0.19587692307692306 0.44566923076923076 0.11283076923076923 0.11594615384615384
1 0.20817692307692306 0.5828384615384615 0.09913076923076923 0.0949
1 0.19466923076923076 0.8081615384615384 0.08154615384615385 0.08695384615384616
1 0.11090769230769232 0.6500076923076923 0.07244615384615385 0.12033846153846153
1 0.2750230769230769 0.7051461538461539 0.08283076923076924 0.11288461538461539
1 0.41613846153846157 0.1817 0.13883076923076923 0.15533076923076924
1 0.07230769230769231 0.3713769230769231 0.10013846153846154 0.12596923076923075