1 0.7087384615384615 0.33085384615384617 0.0752846153846154 0.08476923076923078
1 0.24162307692307694 0.9000692307692307 0.08955384615384615 0.08965384615384615
1 0.21172307692307693 0.2883 0.1212 0.09965384615384616
1 0.25096153846153846 0.1850923076923077 0.11242307692307693 0.12473846153846153
1 0.4347769230769231 0.9100615384615384 0.10496153846153845 0.09986923076923078
1 0.6395384615384615 0.7235846153846154 0.12009230769230769 0.10463076923076924
1 0.2028769230769231 0.4145692307692308 0.10033076923076924 0.07933076923076923
1 0.39071538461538463 0.7117307692307693 0.09559230769230768 0.09371538461538462
1 0.6788846153846153 0.900576923076923 0.1048 0.08506923076923077
1 0.4971846153846154 0.46372307692307696 0.08924615384615384 0.06970769230769232
1 0.9412692307692309 0.6881846153846154 0.10873076923076923 0.0844923076923077
1 0.6152 0.3075153846153846 0.08635384615384616 0.08886153846153846
1 0.2554692307692308 0.6341846153846155 0.1021 0.08789999999999999
1 0.5238076923076923 0.9014153846153845 0.11627692307692307 0.12265384615384614
1 0.3117692307692308 0.28799230769230766 0.09193846153846154 0.09736153846153846
1 0.23642307692307693 0.9599615384615385 0.1042 0.08008461538461538
1 0.16143846153846153 0.18553846153846154 0.08392307692307692 0.08522307692307693
1 0.9556538461538461 0.6150692307692308 0.07586923076923077 0.07255384615384615
1 0.3324769230769231 0.9525 0.09532307692307693 0.0872076923076923
1 0.03100769230769231 0.5641384615384616 0.06201538461538462 0.0856
1 0.8496538461538461 0.23933846153846153 0.08615384615384615 0.10708461538461539
1 0.856323076923077 0.782 0.10298461538461538 0.0849
1 0.28449230769230766 0.3801153846153846 0.09887692307692307 0.1002923076923077
1 0.1387076923076923 0.5256615384615385 0.11900769230769231 0.13566923076923076
1 0.18263846153846156 0.852323076923077 0.08650000000000001 0.0922923076923077
1 0.26766923076923077 0.5589153846153846 0.08396153846153846 0.0734
1 0.04403846153846154 0.960276923076923 0.08808461538461539 0.07944615384615385
1 0.14824615384615383 0.970923076923077 0.10210769230769232 0.05816153846153846
1 0.4177307692307692 0.031915384615384616 0.10787692307692308 0.06383076923076923
1 0.5899384615384615 0.1737076923076923 0.11103076923076924 0.08055384615384616
1 0.7097384615384615 0.9735692307692309 0.09973076923076923 0.05286153846153846
1 0.45614615384615387 0.681823076923077 0.07175384615384615 0.07520769230769231
1 0.03391538461538462 0.2685307692307692 0.06783076923076924 0.0895076923076923
1 0.3041923076923077 0.8059461538461539 0.1188846153846154 0.10279999999999999
1 0.21223846153846157 0.7604923076923077 0.10839230769230769 0.09440769230769232