1 0.10629999999999999 0.48855384615384617 0.07738461538461539 0.08752307692307693
1 0.22135384615384615 0.3822384615384616 0.11912307692307693 0.12599230769230768
1 0.6124923076923077 0.3442230769230769 0.09073846153846153 0.09878461538461537
1 0.9682076923076923 0.21456153846153847 0.06358461538461538 0.13144615384615385
1 0.29754615384615385 0.1773076923076923 0.11925384615384615 0.11850000000000001
1 0.8278000000000001 0.5518846153846154 0.12814615384615385 0.11939999999999999
1 0.7697846153846154 0.12171538461538461 0.1095 0.12144615384615384
1 0.13405384615384616 0.8665 0.14902307692307692 0.1578923076923077
1 0.5512230769230769 0.9427846153846153 0.12615384615384614 0.1099923076923077
1 0.42100769230769225 0.06621538461538462 0.1819 0.12717692307692308
1 0.3782384615384615 0.9578307692307693 0.10187692307692307 0.07999230769230768
1 0.07133076923076924 0.3423846153846154 0.11578461538461539 0.13043076923076924
1 0.10923846153846153 0.1958153846153846 0.13813076923076922 0.14443846153846154
1 0.2865076923076923 0.7034384615384616 0.10111538461538461 0.10851538461538461
1 0.9489769230769232 0.7455461538461539 0.10204615384615384 0.15386923076923076
1 0.45774615384615386 0.7196538461538461 0.11705384615384615 0.13056153846153845
1 0.10230769230769231 0.05806923076923076 0.10736923076923077 0.11040000000000001
1 0.2570230769230769 0.5553384615384616 0.10214615384615384 0.09882307692307692
1 0.2137923076923077 0.1144 0.1303230769230769 0.14816923076923078
1 0.9393692307692308 0.8742384615384615 0.1137 0.12217692307692309
1 0.5362538461538462 0.8013615384615385 0.10086153846153846 0.10829230769230769
1 0.1879 0.6509076923076923 0.1425076923076923 0.16176153846153846
1 0.8287538461538463 0.9246538461538462 0.1388 0.12454615384615385
1 0.5076153846153846 0.5128769230769231 0.12357692307692308 0.1435846153846154
1 0.3570384615384615 0.6569 0.11247692307692307 0.1206
1 0.20366923076923077 0.9638307692307693 0.1380923076923077 0.07114615384615385
1 0.2486076923076923 0.7691692307692307 0.07819999999999999 0.06045384615384616
1 0.02913846153846154 0.9199692307692308 0.05826923076923077 0.1346153846153846
1 0.7359461538461538 0.3950769230769231 0.13004615384615384 0.11605384615384616
1 0.38363846153846154 0.19996923076923076 0.11072307692307692 0.11148461538461539
1 0.023323076923076922 0.5500769230769231 0.046646153846153844 0.1083
1 0.24783846153846154 0.2996076923076923 0.10806153846153846 0.08576153846153846
1 0.06367692307692308 0.5911384615384615 0.06786153846153846 0.07313076923076922
1 0.4751923076923077 0.4148846153846154 0.14022307692307692 0.13488461538461538
1 0.03701538461538462 0.10626153846153845 0.07403076923076923 0.14193846153846154
1 0.3318153846153846 0.8699307692307693 0.0972 0.0895076923076923
1 0.43146923076923077 0.8685307692307692 0.1076923076923077 0.09090769230769231
1 0.7007 0.5636384615384615 0.12167692307692309 0.13006923076923077