1 0.030230769230769228 0.13049230769230769 0.06045384615384616 0.08074615384615384
1 0.3615692307692308 0.7752538461538462 0.10497692307692308 0.11193846153846154
1 0.758976923076923 0.5367846153846154 0.09340769230769232 0.09985384615384615
1 0.5292538461538462 0.8988538461538461 0.08882307692307692 0.10296923076923079
1 0.28723846153846155 0.4858307692307693 0.08287692307692307 0.08954615384615384
1 0.13479230769230768 0.028307692307692305 0.07392307692307692 0.05661538461538461
1 0.18773846153846155 0.6160076923076923 0.08375384615384615 0.08333076923076924
1 0.3229692307692308 0.8776769230769231 0.06310769230769231 0.08965384615384615
1 0.09892307692307692 0.2289 0.09683076923076923 0.12706153846153848
1 0.9188153846153846 0.5255923076923077 0.09203846153846154 0.10453846153846154
1 0.3275076923076923 0.3215 0.08989230769230769 0.09686923076923078
1 0.7801923076923077 0.1465 0.06660769230769231 0.062115384615384614
1 0.3251153846153846 0.027461538461538464 0.0903923076923077 0.05484615384615384
1 0.6442307692307693 0.48974615384615383 0.06282307692307693 0.0717923076923077
1 0.7006384615384615 0.7852538461538462 0.1705153846153846 0.14486923076923078
1 0.8615384615384616 0.9512846153846154 0.14615384615384616 0.09743076923076922
1 0.14743846153846152 0.8551307692307692 0.11794615384615385 0.13846153846153847
1 0.44166923076923076 0.3942307692307692 0.0859 0.08333076923076924
1 0.20256153846153846 0.5455153846153846 0.06153846153846154 0.04743846153846154
1 0.4641 0.7955153846153846 0.08461538461538462 0.07563846153846154
1 0.6807692307692308 0.3609 0.09743846153846154 0.10384615384615385
1 0.23013076923076925 0.1326923076923077 0.09615384615384616 0.07307692307692308
1 0.11602307692307694 0.09486923076923076 0.08846153846153847 0.09486923076923076
1 0.3859 0.23525384615384615 0.08717692307692308 0.07563846153846154
1 0.04294615384615384 0.34486923076923076 0.06794615384615385 0.056407692307692305