1 0.9291538461538462 0.8743538461538463 0.13186153846153845 0.14081538461538462
1 0.8914538461538463 0.1668 0.10819999999999999 0.12926923076923078
1 0.9576461538461539 0.45690000000000003 0.08470769230769232 0.1436076923076923
1 0.6821692307692309 0.14980000000000002 0.12236153846153845 0.1262923076923077
1 0.8674076923076924 0.26537692307692307 0.10973076923076923 0.10660000000000001
1 0.31083076923076924 0.19134615384615383 0.12483076923076923 0.13713846153846154
1 0.7979461538461537 0.2221076923076923 0.09716153846153847 0.11452307692307692
1 0.24889999999999998 0.9137538461538462 0.12160000000000001 0.12342307692307691
1 0.8706538461538461 0.3670230769230769 0.08143076923076924 0.07932307692307693
1 0.47330769230769226 0.5155461538461539 0.0961846153846154 0.10501538461538462
1 0.4747 0.6184076923076922 0.10227692307692308 0.10651538461538461
1 0.9560307692307691 0.3737769230769231 0.08010769230769231 0.1068
1 0.8824307692307692 0.9578461538461539 0.1242153846153846 0.07854615384615385
1 0.13683076923076923 0.18028461538461538 0.1303 0.13087692307692306
1 0.44709230769230773 0.14133076923076923 0.10403076923076923 0.10708461538461539
1 0.34165384615384614 0.8451000000000001 0.11106153846153846 0.1137
1 0.7714384615384615 0.3492692307692308 0.10637692307692308 0.10753846153846154
1 0.2168923076923077 0.8155461538461539 0.0692923076923077 0.07953846153846154
1 0.32782307692307694 0.9620769230769232 0.12742307692307692 0.07583846153846154
1 0.6036692307692307 0.9609615384615384 0.15049230769230768 0.07806923076923077
1 0.545876923076923 0.08929230769230768 0.09780769230769232 0.0957
1 0.4642692307692307 0.2985 0.11778461538461539 0.11813076923076922
1 0.8478307692307693 0.45356153846153846 0.09699999999999999 0.09636923076923078
1 0.5617461538461538 0.40295384615384616 0.12322307692307692 0.11633076923076922
1 0.37285384615384615 0.10627692307692307 0.09133076923076923 0.08267692307692308
1 0.38337692307692306 0.7089384615384615 0.1105076923076923 0.1268
1 0.13653076923076923 0.6311230769230769 0.09121538461538461 0.11076153846153847
1 0.9407846153846153 0.6577153846153846 0.11017692307692308 0.13678461538461537
1 0.6337076923076923 0.5286307692307692 0.1173 0.11072307692307692
1 0.2571076923076923 0.11537692307692309 0.09001538461538461 0.10538461538461538