1 0.310546875 0.2841796875 0.294921875 0.3349609375 0.294921875 0.3466796875 0.3203125 0.3857421875 0.3271484375 0.390625 0.3427734375 0.390625 0.3974609375 0.3828125 0.412109375 0.3212890625 0.38671875 0.2802734375 0.3740234375 0.267578125 0.3623046875 0.265625 0.3154296875 0.279296875
1 0.662109375 0.0380859375 0.65234375 0.0791015625 0.6904296875 0.09765625 0.7216796875 0.099609375 0.74609375 0.0634765625 0.74609375 0.0576171875 0.7275390625 0.029296875 0.6669921875 0.033203125
1 0.896484375 0.6416015625 0.880859375 0.6982421875 0.9228515625 0.736328125 0.9521484375 0.74609375 0.998046875 0.7255859375 1 0.6943359375 0.9716796875 0.64453125 0.9599609375 0.638671875 0.9267578125 0.634765625 0.9072265625 0.634765625
1 0.751953125 0.6552734375 0.751953125 0.6669921875 0.763671875 0.6865234375 0.7705078125 0.693359375 0.8017578125 0.705078125 0.8076171875 0.705078125 0.837890625 0.6708984375 0.837890625 0.6630859375 0.8212890625 0.63671875 0.7802734375 0.626953125 0.7724609375 0.626953125
1 0.6376953125 0.357421875 0.630859375 0.3642578125 0.6328125 0.4130859375 0.6357421875 0.41796875 0.6806640625 0.4453125 0.6884765625 0.4453125 0.7177734375 0.43359375 0.728515625 0.4228515625 0.728515625 0.3701171875 0.7236328125 0.36328125 0.6787109375 0.3359375 0.6669921875 0.3359375
1 0.478515625 0.2001953125 0.4765625 0.2119140625 0.4951171875 0.25390625 0.5576171875 0.27734375 0.5693359375 0.275390625 0.6044921875 0.25 0.611328125 0.2412109375 0.595703125 0.1845703125 0.5869140625 0.173828125 0.5771484375 0.169921875 0.5224609375 0.166015625
1 0.5078125 0.1064453125 0.5 0.1435546875 0.5205078125 0.166015625 0.5537109375 0.17578125 0.5947265625 0.17578125 0.603515625 0.1669921875 0.607421875 0.1591796875 0.607421875 0.1455078125 0.59375 0.1181640625 0.5517578125 0.08984375 0.5400390625 0.087890625 0.5146484375 0.09765625
1 0.2900390625 0.19140625 0.287109375 0.2021484375 0.310546875 0.2646484375 0.3173828125 0.2734375 0.3271484375 0.2734375 0.37890625 0.2529296875 0.376953125 0.2021484375 0.3701171875 0.1953125 0.3427734375 0.181640625
1 0.30078125 0.0634765625 0.298828125 0.0751953125 0.3125 0.1025390625 0.3193359375 0.109375 0.3837890625 0.1328125 0.3876953125 0.1328125 0.43359375 0.0947265625 0.43359375 0.0810546875 0.419921875 0.0302734375 0.4091796875 0.01953125 0.3564453125 0.01171875 0.3369140625 0.013671875
1 0.17578125 0.4931640625 0.173828125 0.5029296875 0.2080078125 0.55078125 0.2587890625 0.556640625 0.26953125 0.5478515625 0.287109375 0.5166015625 0.2578125 0.4560546875 0.2490234375 0.44921875 0.2060546875 0.451171875
1 0.16015625 0.6845703125 0.158203125 0.7255859375 0.1630859375 0.732421875 0.2001953125 0.755859375 0.2392578125 0.74609375 0.24609375 0.7412109375 0.2578125 0.7158203125 0.2578125 0.7060546875 0.2099609375 0.662109375 0.1943359375 0.662109375
1 0.369140625 0.8427734375 0.365234375 0.8505859375 0.3671875 0.8603515625 0.3974609375 0.8984375 0.4599609375 0.896484375 0.478515625 0.8623046875 0.478515625 0.8486328125 0.4462890625 0.818359375 0.4033203125 0.818359375 0.3857421875 0.822265625
1 0.177734375 0.7958984375 0.15625 0.8583984375 0.189453125 0.9033203125 0.2060546875 0.908203125 0.2568359375 0.896484375 0.263671875 0.8896484375 0.267578125 0.8779296875 0.267578125 0.8369140625 0.25 0.7900390625 0.2392578125 0.78125 0.2255859375 0.78125 0.1845703125 0.7890625
1 0.84375 0.2861328125 0.83984375 0.2919921875 0.841796875 0.3232421875 0.8505859375 0.328125 0.8583984375 0.328125 0.890625 0.2900390625 0.8896484375 0.283203125 0.8701171875 0.27734375 0.8603515625 0.27734375
1 0.875 0.3232421875 0.873046875 0.3505859375 0.8876953125 0.369140625 0.9560546875 0.3671875 0.96875 0.3564453125 0.9921875 0.3134765625 0.9921875 0.3076171875 0.9599609375 0.2421875 0.9169921875 0.23046875 0.9033203125 0.23046875 0.88671875 0.2451171875
1 0.3759765625 0.404296875 0.34765625 0.4326171875 0.349609375 0.4482421875 0.4111328125 0.5 0.4306640625 0.50390625 0.462890625 0.4638671875 0.443359375 0.4208984375 0.3916015625 0.404296875
1 0.037109375 0.3896484375 0.0234375 0.4404296875 0.0634765625 0.4765625 0.0693359375 0.478515625 0.1123046875 0.466796875 0.126953125 0.4580078125 0.130859375 0.4501953125 0.1328125 0.4150390625 0.0869140625 0.361328125 0.0693359375 0.361328125
1 0.251953125 0.3115234375 0.236328125 0.3291015625 0.236328125 0.3369140625 0.259765625 0.3681640625 0.2646484375 0.37109375 0.3037109375 0.369140625 0.314453125 0.3095703125 0.3125 0.3037109375 0.3056640625 0.298828125 0.2685546875 0.298828125
1 0.287109375 0.6884765625 0.267578125 0.7333984375 0.2685546875 0.7421875 0.3232421875 0.76171875 0.3662109375 0.759765625 0.37890625 0.7490234375 0.380859375 0.7431640625 0.376953125 0.7177734375 0.3330078125 0.677734375 0.2958984375 0.6796875