1 0.10876923076923077 0.818823076923077 0.08776923076923077 0.08703076923076923
1 0.7694307692307693 0.8820461538461539 0.07912307692307692 0.07006153846153847
1 0.2890692307692308 0.9139615384615385 0.10266923076923076 0.10442307692307692
1 0.8361153846153847 0.3910153846153846 0.0965 0.0718
1 0.9496692307692307 0.2201 0.06504615384615385 0.07005384615384615
1 0.12084615384615384 0.924723076923077 0.11497692307692307 0.08264615384615384
1 0.02646153846153846 0.9793923076923077 0.05291538461538462 0.04121538461538461
1 0.5733384615384616 0.8608923076923077 0.0881923076923077 0.08285384615384615
1 0.5039769230769231 0.6545769230769232 0.09884615384615385 0.06803846153846153
1 0.5001692307692308 0.8633692307692309 0.07526153846153846 0.07635384615384616
1 0.4566461538461538 0.6906538461538462 0.0688923076923077 0.0677076923076923
1 0.3192076923076923 0.6253538461538461 0.0806923076923077 0.08672307692307692
1 0.019738461538461538 0.9630615384615385 0.03946923076923077 0.07387692307692308
1 0.29886153846153846 0.4172769230769231 0.08896923076923077 0.07612307692307692
1 0.5128692307692307 0.9338538461538461 0.12363846153846153 0.0872923076923077